000
0
0
0
449
0
565
770
743
722
703
707
5
5
2
2
1
0
288
23
97
115
177
0
34
0
0
0
0
0
0
17
0
0
0
0
0
79
212
74
19
323
347
363
389
394
403
406
413
420
423
427
428
433
432
433
434
437
445
33
298
174
758
732
689
0
0
689
535
0
705
0
0
709
685
728
625
614
610
608
608
609
610
613
616
621
624
629
630
633
636
636
638
639
641
643
643
643
647
646
649
648
649
652
651
652
652
651
652
653
652
653
653
654
652
653
652
654
653
653
652
653
654
653
653
653
653
653
653
654
655
655
654
654
654
654
654
656
656
655
656
654
654
654
669
2
1
513
2
2
0
582
653
345
287
315
310
301
301
318
325
311
312
342
348
345
338
330
299
293
303
311
312
299
288
301
301
297
292
280
278
279
280
276
273
254
242
240
238
235
233
230
228
219
218
216
216
214
217
